1000
1331546200
2126933823
766582418
616522298
2003582388
918590035
1417267907
1512717968
1662678188
381504508
1477706527
1574269019
620473235
326946749
1434608927
1165009484
1825768293
1765373531
1487199990
420955586
1448430227
35924733
1299580261
2121264255
50253875
1127008891
1950513229
496950818
599436295
2082347919
478013170
1930982495
2061798094
1244595588
400021145
1917896835
15701975
1817289053
1283131155
1678380163
51309913
613354035
1105165535
671783148
940300784
392290814
1836792633
618585430
10180697
1176508975
1039541016
1458610924
1212433708
191637629
1432391531
1262687583
1318646520
1235421113
1759638401
1918082815
1170285384
90167924
1701581663
1084599830
1334763512
2101602808
855013017
1350465488
1771408213
2138144173
881362003
1822718127
604014560
1986527538
347017627
1544315344
231334705
36326612
15417126
241515402
1212835588
1054958143
1700126327
277785648
1246595772
985034210
1540473232
417758645
72971675
1152627985
188357812
1243257059
1242795909
1889939475
180373242
430075774
1844058636
1035386259
1780541262
1467983201
1026046784
514419617
1143217680
1630061344
353463508
1490235308
1026893041
584798213
1526561920
1042310167
826313615
591913860
2097268310
378956294
869699509
1196380435
1363990505
262689093
1614139080
1436962180
1415317078
1802496892
532735592
510629340
1544952720
713108834
940705114
1241527708
1748495093
573762728
562027261
627058230
1088182345
1705244942
109635926
1441645853
1047996602
1136528967
2026444066
427074874
31355487
705274034
1018988735
2128623797
1084230328
1888688244
1177520584
300737185
3893689
644176016
1737699366
1419210767
299189261
122951310
1929840107
1844141981
836060144
723061573
938186041
437071589
1296824301
1500213302
1064129819
237522999
1057974596
1173765746
1679168852
2105971198
162811065
1558129271
385562425
194166552
115919657
1404551160
175306702
1200149985
1145755756
1352827286
1500887171
1149649445
1997003303
1091102889
421376564
148708916
1214054199
203733024
1992850897
2050114343
926794597
783553290
339702284
76135251
136282944
1403832104
313658250
1194257541
430114202
1992827102
1152745091
592925267
1403472725
1538307516
787091820
1519392382
795375028
962398522
572058720
1941130784
167742160
2072945891
943296581
17261815
1016565132
1364673146
165970731
83135683
1568406170
11337980
2133250026
347717119
794891270
325468662
423852370
931174215
1729300766
737510620
2125431756
11931320
582854075
1130693199
604856588
1986326800
521517068
1391948408
1358235535
1316892096
206863282
1930294255
1110539233
374605442
1855756498
2053835814
391867258
724837982
1271025312
557837989
807973665
691947834
569175970
793740043
1039664954
1364067240
1119208705
1463517324
147757807
701025824
53544297
125705915
712957144
636398372
1256399115
1317813732
475241524
1777916183
562278492
1833477059
947324631
769141774
1616287666
2057863864
1143747217
1324560516
1964216031
1535614475
2049398498
1087757695
2093452464
709888515
1779705530
515144786
1503628558
671886836
1879212027
475353616
2135404160
2026969834
1176379440
41464809
5192102
1889336584
677863181
1261591217
1059666669
1153104706
892023752
1621945161
839098117
1839348383
243603288
307902136
1749728600
1387350505
1632462652
1566460983
775481332
1534377503
506735030
721450148
96782370
138956912
1236594935
1600410929
810843748
968323314
2075764545
798764261
847809500
1104660337
840229070
853001602
846513273
1518092252
2114592819
1906179942
523713310
859132923
1380641456
1362811427
550997659
1624244744
1670713563
153242611
864111601
1155692568
1719703594
1639592933
542586423
78954976
213559433
639368793
217911889
1450154368
92296074
1028755637
270994034
20576971
1827519898
1118803535
1125237308
520265321
1971805137
1971750582
2038357573
1938914309
1730446876
414587235
650563584
963604684
1777398662
1201561243
440365780
1300628578
1354803854
1304477381
308837498
927023800
796586666
851423921
1005978777
1010146100
1490792714
1223890666
312816820
1583088789
105162655
583810855
1603665760
1932682554
1702614390
581419421
305464227
1526935879
405686355
196338152
1318366540
2136133231
610925387
1968930125
952254268
240840401
1023007720
1392620048
1541468979
230327927
549613782
1850306477
1157351727
1346200448
554246750
15846856
208862900
2045039465
1239737522
521679721
1480644606
1344900178
1105490576
936826718
1130099084
660621318
1518246139
1435563311
40073549
1923932494
1631901463
1358440090
1912582078
95343202
1179886567
717352698
336183603
55410639
2109972746
1877652583
285738566
512102880
1580475412
1443090294
1858303329
2134722163
1458937150
2067166229
2032277980
551191025
441362302
1365438938
1896091203
1546852878
154782008
878706639
59990548
1673028148
166786302
100064098
1449476994
1798687765
1458504188
1214575424
1894030967
490907107
1931928122
82730922
546317746
1894417221
1960383505
832056313
259036453
1393375270
127662959
2117339782
1380613785
1586600109
2037022364
1265408117
2137791134
330901018
483363407
1886398689
1877753897
638145415
617621680
1937744445
163689915
784407982
2037808543
1613166910
435612099
1348829083
680258686
182159418
1839736190
464703161
264890341
238570289
211636734
77790198
1070626602
470673187
1471165468
1198289561
440529322
704295605
637406022
330068038
1969703722
627713509
660969056
305583481
366628550
391239305
943728897
984250231
181500103
1107418812
1768658213
71824998
573102074
56786665
1420654082
1253360761
238946083
1112906624
1718063922
503836424
1351476913
1929700656
581626623
274619867
252890195
2052792091
1472909428
693419517
609604049
2110315451
1023487555
431824123
590545312
1684456612
737407605
957173862
2075695917
1681136502
1941424093
109712372
641071666
1562598659
181537371
1214173741
1619385324
1602191453
320050854
1858331407
567614429
2038114776
214684184
1919091343
1820331784
796310807
46227562
2073221979
701619250
1519136991
619157849
1311223299
1481968794
1642645404
1743047423
2072514106
1179618368
332971380
882204320
1107830638
2014107882
676144766
1217543010
507695900
91259777
1399080381
1721869641
1710645101
853788186
2041920495
1421492860
1421402616
1932551623
1636177044
1193010311
1605399759
285004203
1239237873
1531138091
986623454
610891216
2812292
150363105
2092860010
1645457696
1893410528
2017890468
677592417
78898260
752611141
1785423055
2093006142
1428755907
855482417
453218395
1520015684
107079151
27604388
1083177137
960867337
2069524884
357186349
234786305
1854592859
1993363394
1427796616
1312508971
130883949
519550842
696163414
1117507403
1130442058
698975706
1267870509
1075818421
196949754
1013797389
946225241
874542171
1092695650
1698836382
512481578
1038218144
980108641
1367963996
1491436539
352640677
1475043147
1519040928
1435817814
288426836
1441082164
1793004164
523213142
1148191375
1638883910
1951009758
313216698
1769767859
323076952
1009380112
739791615
1453519011
1708355818
2007662124
381853784
1905305573
873975865
1328079025
632364096
1966671515
879431760
1144845675
857406012
1859540401
365326023
201358903
64697431
1840369170
1720399831
1500515245
2128796006
1013998347
1146035761
504525500
14706075
637436023
308051611
327922773
259720235
631128563
1337302886
999511850
2084647574
898175056
859690326
319017710
655996981
1733666191
1647096736
1288361078
1552854059
379044848
285723105
262776423
91101601
651049128
464135326
155799032
343934650
37051510
1656314278
325247008
1051049857
654866391
829772509
1065755932
1292302415
1137824120
1393678706
1552022650
1768952683
583497944
404050852
1706116610
1481673000
1263741178
2025134320
2137669982
849923721
1524747408
1278547412
255294132
1903792256
1564270517
518070555
1994893858
67835997
982205882
3209242
411770647
1019257392
1659523520
737017655
2070307249
166906264
1566790164
988579534
1459208679
557130636
234774592
863747681
178599672
818272536
1267798533
1884716282
152461888
384056063
1762366954
142648222
1233979784
1139630715
1421195634
1489273917
895939323
837982503
2007344472
743349533
905818500
842066706
746558776
1317589147
1861324098
258598648
2054606803
1784147700
425504912
1473913319
625243586
1884713591
2031043956
860018178
600977624
62159980
1678290714
1868776157
1946876262
1830752602
105348572
1561759568
1973400825
1339328357
553906635
1247112811
681118626
1449845959
2085095315
540979450
45711844
843430167
1383046157
792270620
13535667
1096886607
1050869269
2068142470
733550659
1476374181
1394572141
1358794245
1213604125
1278132449
71328775
1814581749
1340292429
1749619489
1535874259
1139685043
1432888444
1641222831
553960964
1258805621
833067540
1107867599
358434784
1514186166
410229910
296046451
2055165617
455941755
1139476619
1290728126
1248212375
1153012286
240131085
151597996
1073671108
973681745
1627972178
320759601
184992342
694092655
1598892051
256321118
361190756
791700832
2005940607
1897065015
1931385876
1291345403
1390804199
337863192
402667376
76388091
1445730791
761102161
1590574258
1855960702
1057148612
1498256227
164418809
49141583
641500705
1412631184
1202153869
881631790
1564229181
128341329
1855313535
1044717711
449100931
2040305878
1738810366
2047992982
149143348
2100001122
692210166
7600307
1849582490
476112394
1298945711
1092903041
813975586
1701613087
1169291132
112222730
315231600
612381742
1968183432
1372380213
2110637969
2132602241
1421521796
604655026
1397749777
476192018
1486286817
814495310
604533347
1194116704
1859213021
1053634278
1086938934
1450539739
954143612
1236082282
1403057214
1646353779
1243682590
1105156056
2122466173
395144653
50575449
788958112
2096757740
1219866581
901180842
264505693
1832248324
721880626
1636885906
1795402645
706999219
910924054
252574024
2104748996
1387116072
1738860841
771760659
1991649420
785493897
483490032
897800050
1872432832
1934029772
1851943663
961031466
1189603338
1350813794
57230408
147275746
1325796319
452375061
197851195
2114754431
401649154
1417717776
868451625
666154847
1102482452
1590332251
155557105
750401450
149847822
1066481159
1002975474
107113171
306113584
594352667
878873830
150279356
1379846564
1362363862
1048079406
1104795748
1148909986
752539421
2065827215
191029676
2103353215
2123057623
338305422
1281665887
427949037
536156617
1248936670
829598191
1953874394
2117388296
1495753038
908873198
1560236899
1651310143
1659274648
1710084722
570307654
514766474
1817197893
876421238
1109119141
548588075
1026700594
341482058
1910951937
2074780001
1446277806
912378276
679835774
1364621373
1103407952
635705342
1340195349
1441713375
1917371229
1768144386
1977869992
1018824251
450258929
1784260738
988728899
1946011967
545650289
401482151
1449838462
57441289
2111566873
2020146116
572207764
