100
385225948
900313772
1512853768
1036852037
1881694173
414165801
842054170
1013752830
1209603279
1478619226
536088094
1139414980
1575729606
1739537855
520229360
19884365
42638273
208900559
432006396
1260225959
90043071
813181447
485208818
880978196
1641942628
549652461
1182317988
1570367464
286884028
242154792
1615086856
672109976
1142468564
980456977
1708962013
876679089
1394622778
403532536
1890431920
456742410
1882151762
279036366
1596157390
1310397720
2018574221
2116386750
1330282085
2061212494
177803662
1762288481
1173954806
267846733
427986281
1659163624
1148824929
2069928909
61332437
183659269
1492812725
348216465
425814061
960415934
1020326441
1568282625
1940872911
581804807
297478066
1188012041
985337343
40426338
1644754451
720005457
319462704
1093428194
2030403177
190553277
1062331296
1213201615
104282124
1240134958
828006448
1278236930
1507981691
1255992729
789916906
509322972
1178437990
851249343
692982241
523767068
1199465808
1118796302
1484183002
72308601
539595279
1277572265
654113408
837073346
318100658
1639450751
