1000
2812292
3209242
3893689
5192102
7600307
10180697
11337980
11931320
13535667
14706075
15417126
15701975
15846856
17261815
20576971
27604388
31355487
35924733
36326612
37051510
40073549
41464809
45711844
46227562
49141583
50253875
50575449
51309913
53544297
55410639
56786665
57230408
57441289
59990548
62159980
64697431
67835997
71328775
71824998
72971675
76135251
76388091
77790198
78898260
78954976
82730922
83135683
90167924
91101601
91259777
92296074
95343202
96782370
100064098
105162655
105348572
107079151
107113171
109635926
109712372
112222730
115919657
122951310
125705915
127662959
128341329
130883949
136282944
138956912
142648222
147275746
147757807
148708916
149143348
149847822
150279356
150363105
151597996
152461888
153242611
154782008
155557105
155799032
162811065
163689915
164418809
165970731
166786302
166906264
167742160
175306702
178599672
180373242
181500103
181537371
182159418
184992342
188357812
191029676
191637629
194166552
196338152
196949754
197851195
201358903
203733024
206863282
208862900
211636734
213559433
214684184
217911889
230327927
231334705
234774592
234786305
237522999
238570289
238946083
240131085
240840401
241515402
243603288
252574024
252890195
255294132
256321118
258598648
259036453
259720235
262689093
262776423
264505693
264890341
270994034
274619867
277785648
285004203
285723105
285738566
288426836
296046451
299189261
300737185
305464227
305583481
306113584
307902136
308051611
308837498
312816820
313216698
313658250
315231600
319017710
320050854
320759601
323076952
325247008
325468662
326946749
327922773
330068038
330901018
332971380
336183603
337863192
338305422
339702284
341482058
343934650
347017627
347717119
352640677
353463508
357186349
358434784
361190756
365326023
366628550
374605442
378956294
379044848
381504508
381853784
384056063
385562425
391239305
391867258
392290814
395144653
400021145
401482151
401649154
402667376
404050852
405686355
410229910
411770647
414587235
417758645
420955586
421376564
423852370
425504912
427074874
427949037
430075774
430114202
431824123
435612099
437071589
440365780
440529322
441362302
449100931
450258929
452375061
453218395
455941755
464135326
464703161
470673187
475241524
475353616
476112394
476192018
478013170
483363407
483490032
490907107
496950818
503836424
504525500
506735030
507695900
510629340
512102880
512481578
514419617
514766474
515144786
518070555
519550842
520265321
521517068
521679721
523213142
523713310
532735592
536156617
540979450
542586423
545650289
546317746
548588075
549613782
550997659
551191025
553906635
553960964
554246750
557130636
557837989
562027261
562278492
567614429
569175970
570307654
572058720
572207764
573102074
573762728
581419421
581626623
582854075
583497944
583810855
584798213
590545312
591913860
592925267
594352667
599436295
600977624
604014560
604533347
604655026
604856588
609604049
610891216
610925387
612381742
613354035
616522298
617621680
618585430
619157849
620473235
625243586
627058230
627713509
631128563
632364096
635705342
636398372
637406022
637436023
638145415
639368793
641071666
641500705
644176016
650563584
651049128
654866391
655996981
660621318
660969056
666154847
671783148
671886836
676144766
677592417
677863181
679835774
680258686
681118626
691947834
692210166
693419517
694092655
696163414
698975706
701025824
701619250
704295605
705274034
706999219
709888515
712957144
713108834
717352698
721450148
721880626
723061573
724837982
733550659
737017655
737407605
737510620
739791615
743349533
746558776
750401450
752539421
752611141
761102161
766582418
769141774
771760659
775481332
783553290
784407982
785493897
787091820
788958112
791700832
792270620
793740043
794891270
795375028
796310807
796586666
798764261
807973665
810843748
813975586
814495310
818272536
826313615
829598191
829772509
832056313
833067540
836060144
837982503
839098117
840229070
842066706
843430167
846513273
847809500
849923721
851423921
853001602
853788186
855013017
855482417
857406012
859132923
859690326
860018178
863747681
864111601
868451625
869699509
873975865
874542171
876421238
878706639
878873830
879431760
881362003
881631790
882204320
892023752
895939323
897800050
898175056
901180842
905818500
908873198
910924054
912378276
918590035
926794597
927023800
931174215
936826718
938186041
940300784
940705114
943296581
943728897
946225241
947324631
952254268
954143612
957173862
960867337
961031466
962398522
963604684
968323314
973681745
980108641
982205882
984250231
985034210
986623454
988579534
988728899
999511850
1002975474
1005978777
1009380112
1010146100
1013797389
1013998347
1016565132
1018824251
1018988735
1019257392
1023007720
1023487555
1026046784
1026700594
1026893041
1028755637
1035386259
1038218144
1039541016
1039664954
1042310167
1044717711
1047996602
1048079406
1050869269
1051049857
1053634278
1054958143
1057148612
1057974596
1059666669
1064129819
1065755932
1066481159
1070626602
1073671108
1075818421
1083177137
1084230328
1084599830
1086938934
1087757695
1088182345
1091102889
1092695650
1092903041
1096886607
1102482452
1103407952
1104660337
1104795748
1105156056
1105165535
1105490576
1107418812
1107830638
1107867599
1109119141
1110539233
1112906624
1117507403
1118803535
1119208705
1125237308
1127008891
1130099084
1130442058
1130693199
1136528967
1137824120
1139476619
1139630715
1139685043
1143217680
1143747217
1144845675
1145755756
1146035761
1148191375
1148909986
1149649445
1152627985
1152745091
1153012286
1153104706
1155692568
1157351727
1165009484
1169291132
1170285384
1173765746
1176379440
1176508975
1177520584
1179618368
1179886567
1189603338
1193010311
1194116704
1194257541
1196380435
1198289561
1200149985
1201561243
1202153869
1212433708
1212835588
1213604125
1214054199
1214173741
1214575424
1217543010
1219866581
1223890666
1233979784
1235421113
1236082282
1236594935
1239237873
1239737522
1241527708
1242795909
1243257059
1243682590
1244595588
1246595772
1247112811
1248212375
1248936670
1253360761
1256399115
1258805621
1261591217
1262687583
1263741178
1265408117
1267798533
1267870509
1271025312
1278132449
1278547412
1281665887
1283131155
1288361078
1290728126
1291345403
1292302415
1296824301
1298945711
1299580261
1300628578
1304477381
1311223299
1312508971
1316892096
1317589147
1317813732
1318366540
1318646520
1324560516
1325796319
1328079025
1331546200
1334763512
1337302886
1339328357
1340195349
1340292429
1344900178
1346200448
1348829083
1350465488
1350813794
1351476913
1352827286
1354803854
1358235535
1358440090
1358794245
1362363862
1362811427
1363990505
1364067240
1364621373
1364673146
1365438938
1367963996
1372380213
1379846564
1380613785
1380641456
1383046157
1387116072
1387350505
1390804199
1391948408
1392620048
1393375270
1393678706
1394572141
1397749777
1399080381
1403057214
1403472725
1403832104
1404551160
1412631184
1415317078
1417267907
1417717776
1419210767
1420654082
1421195634
1421402616
1421492860
1421521796
1427796616
1428755907
1432391531
1432888444
1434608927
1435563311
1435817814
1436962180
1441082164
1441645853
1441713375
1443090294
1445730791
1446277806
1448430227
1449476994
1449838462
1449845959
1450154368
1450539739
1453519011
1458504188
1458610924
1458937150
1459208679
1463517324
1467983201
1471165468
1472909428
1473913319
1475043147
1476374181
1477706527
1480644606
1481673000
1481968794
1486286817
1487199990
1489273917
1490235308
1490792714
1491436539
1495753038
1498256227
1500213302
1500515245
1500887171
1503628558
1512717968
1514186166
1518092252
1518246139
1519040928
1519136991
1519392382
1520015684
1524747408
1526561920
1526935879
1531138091
1534377503
1535614475
1535874259
1538307516
1540473232
1541468979
1544315344
1544952720
1546852878
1552022650
1552854059
1558129271
1560236899
1561759568
1562598659
1564229181
1564270517
1566460983
1566790164
1568406170
1574269019
1580475412
1583088789
1586600109
1590332251
1590574258
1598892051
1600410929
1602191453
1603665760
1605399759
1613166910
1614139080
1616287666
1619385324
1621945161
1624244744
1627972178
1630061344
1631901463
1632462652
1636177044
1636885906
1638883910
1639592933
1641222831
1642645404
1645457696
1646353779
1647096736
1651310143
1656314278
1659274648
1659523520
1662678188
1670713563
1673028148
1678290714
1678380163
1679168852
1681136502
1684456612
1698836382
1700126327
1701581663
1701613087
1702614390
1705244942
1706116610
1708355818
1710084722
1710645101
1718063922
1719703594
1720399831
1721869641
1729300766
1730446876
1733666191
1737699366
1738810366
1738860841
1743047423
1748495093
1749619489
1749728600
1759638401
1762366954
1765373531
1768144386
1768658213
1768952683
1769767859
1771408213
1777398662
1777916183
1779705530
1780541262
1784147700
1784260738
1785423055
1793004164
1795402645
1798687765
1802496892
1814581749
1817197893
1817289053
1820331784
1822718127
1825768293
1827519898
1830752602
1832248324
1833477059
1836792633
1839348383
1839736190
1840369170
1844058636
1844141981
1849582490
1850306477
1851943663
1854592859
1855313535
1855756498
1855960702
1858303329
1858331407
1859213021
1859540401
1861324098
1868776157
1872432832
1877652583
1877753897
1879212027
1884713591
1884716282
1886398689
1888688244
1889336584
1889939475
1893410528
1894030967
1894417221
1896091203
1897065015
1903792256
1905305573
1906179942
1910951937
1912582078
1917371229
1917896835
1918082815
1919091343
1923932494
1929700656
1929840107
1930294255
1930982495
1931385876
1931928122
1932551623
1932682554
1934029772
1937744445
1938914309
1941130784
1941424093
1946011967
1946876262
1950513229
1951009758
1953874394
1960383505
1964216031
1966671515
1968183432
1968930125
1969703722
1971750582
1971805137
1973400825
1977869992
1986326800
1986527538
1991649420
1992827102
1992850897
1993363394
1994893858
1997003303
2003582388
2005940607
2007344472
2007662124
2014107882
2017890468
2020146116
2025134320
2026444066
2026969834
2031043956
2032277980
2037022364
2037808543
2038114776
2038357573
2040305878
2041920495
2045039465
2047992982
2049398498
2050114343
2052792091
2053835814
2054606803
2055165617
2057863864
2061798094
2065827215
2067166229
2068142470
2069524884
2070307249
2072514106
2072945891
2073221979
2074780001
2075695917
2075764545
2082347919
2084647574
2085095315
2092860010
2093006142
2093452464
2096757740
2097268310
2100001122
2101602808
2103353215
2104748996
2105971198
2109972746
2110315451
2110637969
2111566873
2114592819
2114754431
2117339782
2117388296
2121264255
2122466173
2123057623
2125431756
2126933823
2128623797
2128796006
2132602241
2133250026
2134722163
2135404160
2136133231
2137669982
2137791134
2138144173
