100
2116386750
2069928909
2061212494
2030403177
2018574221
1940872911
1890431920
1882151762
1881694173
1762288481
1739537855
1708962013
1659163624
1644754451
1641942628
1639450751
1615086856
1596157390
1575729606
1570367464
1568282625
1512853768
1507981691
1492812725
1484183002
1478619226
1394622778
1330282085
1310397720
1278236930
1277572265
1260225959
1255992729
1240134958
1213201615
1209603279
1199465808
1188012041
1182317988
1178437990
1173954806
1148824929
1142468564
1139414980
1118796302
1093428194
1062331296
1036852037
1020326441
1013752830
985337343
980456977
960415934
900313772
880978196
876679089
851249343
842054170
837073346
828006448
813181447
789916906
720005457
692982241
672109976
654113408
581804807
549652461
539595279
536088094
523767068
520229360
509322972
485208818
456742410
432006396
427986281
425814061
414165801
403532536
385225948
348216465
319462704
318100658
297478066
286884028
279036366
267846733
242154792
208900559
190553277
183659269
177803662
104282124
90043071
72308601
61332437
42638273
40426338
19884365
