100
19884365
40426338
42638273
61332437
72308601
90043071
104282124
177803662
183659269
190553277
208900559
242154792
267846733
279036366
286884028
297478066
318100658
319462704
348216465
385225948
403532536
414165801
425814061
427986281
432006396
456742410
485208818
509322972
520229360
523767068
536088094
539595279
549652461
581804807
654113408
672109976
692982241
720005457
789916906
813181447
828006448
837073346
842054170
851249343
876679089
880978196
900313772
960415934
980456977
985337343
1013752830
1020326441
1036852037
1062331296
1093428194
1118796302
1139414980
1142468564
1148824929
1173954806
1178437990
1182317988
1188012041
1199465808
1209603279
1213201615
1240134958
1255992729
1260225959
1277572265
1278236930
1310397720
1330282085
1394622778
1478619226
1484183002
1492812725
1507981691
1512853768
1568282625
1570367464
1575729606
1596157390
1615086856
1639450751
1641942628
1644754451
1659163624
1708962013
1739537855
1762288481
1881694173
1882151762
1890431920
1940872911
2018574221
2030403177
2061212494
2069928909
2116386750
