1000
2138144173
2137791134
2137669982
2136133231
2135404160
2134722163
2133250026
2132602241
2128796006
2128623797
2126933823
2125431756
2123057623
2122466173
2121264255
2117388296
2117339782
2114754431
2114592819
2111566873
2110637969
2110315451
2109972746
2105971198
2104748996
2103353215
2101602808
2100001122
2097268310
2096757740
2093452464
2093006142
2092860010
2085095315
2084647574
2082347919
2075764545
2075695917
2074780001
2073221979
2072945891
2072514106
2070307249
2069524884
2068142470
2067166229
2065827215
2061798094
2057863864
2055165617
2054606803
2053835814
2052792091
2050114343
2049398498
2047992982
2045039465
2041920495
2040305878
2038357573
2038114776
2037808543
2037022364
2032277980
2031043956
2026969834
2026444066
2025134320
2020146116
2017890468
2014107882
2007662124
2007344472
2005940607
2003582388
1997003303
1994893858
1993363394
1992850897
1992827102
1991649420
1986527538
1986326800
1977869992
1973400825
1971805137
1971750582
1969703722
1968930125
1968183432
1966671515
1964216031
1960383505
1953874394
1951009758
1950513229
1946876262
1946011967
1941424093
1941130784
1938914309
1937744445
1934029772
1932682554
1932551623
1931928122
1931385876
1930982495
1930294255
1929840107
1929700656
1923932494
1919091343
1918082815
1917896835
1917371229
1912582078
1910951937
1906179942
1905305573
1903792256
1897065015
1896091203
1894417221
1894030967
1893410528
1889939475
1889336584
1888688244
1886398689
1884716282
1884713591
1879212027
1877753897
1877652583
1872432832
1868776157
1861324098
1859540401
1859213021
1858331407
1858303329
1855960702
1855756498
1855313535
1854592859
1851943663
1850306477
1849582490
1844141981
1844058636
1840369170
1839736190
1839348383
1836792633
1833477059
1832248324
1830752602
1827519898
1825768293
1822718127
1820331784
1817289053
1817197893
1814581749
1802496892
1798687765
1795402645
1793004164
1785423055
1784260738
1784147700
1780541262
1779705530
1777916183
1777398662
1771408213
1769767859
1768952683
1768658213
1768144386
1765373531
1762366954
1759638401
1749728600
1749619489
1748495093
1743047423
1738860841
1738810366
1737699366
1733666191
1730446876
1729300766
1721869641
1720399831
1719703594
1718063922
1710645101
1710084722
1708355818
1706116610
1705244942
1702614390
1701613087
1701581663
1700126327
1698836382
1684456612
1681136502
1679168852
1678380163
1678290714
1673028148
1670713563
1662678188
1659523520
1659274648
1656314278
1651310143
1647096736
1646353779
1645457696
1642645404
1641222831
1639592933
1638883910
1636885906
1636177044
1632462652
1631901463
1630061344
1627972178
1624244744
1621945161
1619385324
1616287666
1614139080
1613166910
1605399759
1603665760
1602191453
1600410929
1598892051
1590574258
1590332251
1586600109
1583088789
1580475412
1574269019
1568406170
1566790164
1566460983
1564270517
1564229181
1562598659
1561759568
1560236899
1558129271
1552854059
1552022650
1546852878
1544952720
1544315344
1541468979
1540473232
1538307516
1535874259
1535614475
1534377503
1531138091
1526935879
1526561920
1524747408
1520015684
1519392382
1519136991
1519040928
1518246139
1518092252
1514186166
1512717968
1503628558
1500887171
1500515245
1500213302
1498256227
1495753038
1491436539
1490792714
1490235308
1489273917
1487199990
1486286817
1481968794
1481673000
1480644606
1477706527
1476374181
1475043147
1473913319
1472909428
1471165468
1467983201
1463517324
1459208679
1458937150
1458610924
1458504188
1453519011
1450539739
1450154368
1449845959
1449838462
1449476994
1448430227
1446277806
1445730791
1443090294
1441713375
1441645853
1441082164
1436962180
1435817814
1435563311
1434608927
1432888444
1432391531
1428755907
1427796616
1421521796
1421492860
1421402616
1421195634
1420654082
1419210767
1417717776
1417267907
1415317078
1412631184
1404551160
1403832104
1403472725
1403057214
1399080381
1397749777
1394572141
1393678706
1393375270
1392620048
1391948408
1390804199
1387350505
1387116072
1383046157
1380641456
1380613785
1379846564
1372380213
1367963996
1365438938
1364673146
1364621373
1364067240
1363990505
1362811427
1362363862
1358794245
1358440090
1358235535
1354803854
1352827286
1351476913
1350813794
1350465488
1348829083
1346200448
1344900178
1340292429
1340195349
1339328357
1337302886
1334763512
1331546200
1328079025
1325796319
1324560516
1318646520
1318366540
1317813732
1317589147
1316892096
1312508971
1311223299
1304477381
1300628578
1299580261
1298945711
1296824301
1292302415
1291345403
1290728126
1288361078
1283131155
1281665887
1278547412
1278132449
1271025312
1267870509
1267798533
1265408117
1263741178
1262687583
1261591217
1258805621
1256399115
1253360761
1248936670
1248212375
1247112811
1246595772
1244595588
1243682590
1243257059
1242795909
1241527708
1239737522
1239237873
1236594935
1236082282
1235421113
1233979784
1223890666
1219866581
1217543010
1214575424
1214173741
1214054199
1213604125
1212835588
1212433708
1202153869
1201561243
1200149985
1198289561
1196380435
1194257541
1194116704
1193010311
1189603338
1179886567
1179618368
1177520584
1176508975
1176379440
1173765746
1170285384
1169291132
1165009484
1157351727
1155692568
1153104706
1153012286
1152745091
1152627985
1149649445
1148909986
1148191375
1146035761
1145755756
1144845675
1143747217
1143217680
1139685043
1139630715
1139476619
1137824120
1136528967
1130693199
1130442058
1130099084
1127008891
1125237308
1119208705
1118803535
1117507403
1112906624
1110539233
1109119141
1107867599
1107830638
1107418812
1105490576
1105165535
1105156056
1104795748
1104660337
1103407952
1102482452
1096886607
1092903041
1092695650
1091102889
1088182345
1087757695
1086938934
1084599830
1084230328
1083177137
1075818421
1073671108
1070626602
1066481159
1065755932
1064129819
1059666669
1057974596
1057148612
1054958143
1053634278
1051049857
1050869269
1048079406
1047996602
1044717711
1042310167
1039664954
1039541016
1038218144
1035386259
1028755637
1026893041
1026700594
1026046784
1023487555
1023007720
1019257392
1018988735
1018824251
1016565132
1013998347
1013797389
1010146100
1009380112
1005978777
1002975474
999511850
988728899
988579534
986623454
985034210
984250231
982205882
980108641
973681745
968323314
963604684
962398522
961031466
960867337
957173862
954143612
952254268
947324631
946225241
943728897
943296581
940705114
940300784
938186041
936826718
931174215
927023800
926794597
918590035
912378276
910924054
908873198
905818500
901180842
898175056
897800050
895939323
892023752
882204320
881631790
881362003
879431760
878873830
878706639
876421238
874542171
873975865
869699509
868451625
864111601
863747681
860018178
859690326
859132923
857406012
855482417
855013017
853788186
853001602
851423921
849923721
847809500
846513273
843430167
842066706
840229070
839098117
837982503
836060144
833067540
832056313
829772509
829598191
826313615
818272536
814495310
813975586
810843748
807973665
798764261
796586666
796310807
795375028
794891270
793740043
792270620
791700832
788958112
787091820
785493897
784407982
783553290
775481332
771760659
769141774
766582418
761102161
752611141
752539421
750401450
746558776
743349533
739791615
737510620
737407605
737017655
733550659
724837982
723061573
721880626
721450148
717352698
713108834
712957144
709888515
706999219
705274034
704295605
701619250
701025824
698975706
696163414
694092655
693419517
692210166
691947834
681118626
680258686
679835774
677863181
677592417
676144766
671886836
671783148
666154847
660969056
660621318
655996981
654866391
651049128
650563584
644176016
641500705
641071666
639368793
638145415
637436023
637406022
636398372
635705342
632364096
631128563
627713509
627058230
625243586
620473235
619157849
618585430
617621680
616522298
613354035
612381742
610925387
610891216
609604049
604856588
604655026
604533347
604014560
600977624
599436295
594352667
592925267
591913860
590545312
584798213
583810855
583497944
582854075
581626623
581419421
573762728
573102074
572207764
572058720
570307654
569175970
567614429
562278492
562027261
557837989
557130636
554246750
553960964
553906635
551191025
550997659
549613782
548588075
546317746
545650289
542586423
540979450
536156617
532735592
523713310
523213142
521679721
521517068
520265321
519550842
518070555
515144786
514766474
514419617
512481578
512102880
510629340
507695900
506735030
504525500
503836424
496950818
490907107
483490032
483363407
478013170
476192018
476112394
475353616
475241524
470673187
464703161
464135326
455941755
453218395
452375061
450258929
449100931
441362302
440529322
440365780
437071589
435612099
431824123
430114202
430075774
427949037
427074874
425504912
423852370
421376564
420955586
417758645
414587235
411770647
410229910
405686355
404050852
402667376
401649154
401482151
400021145
395144653
392290814
391867258
391239305
385562425
384056063
381853784
381504508
379044848
378956294
374605442
366628550
365326023
361190756
358434784
357186349
353463508
352640677
347717119
347017627
343934650
341482058
339702284
338305422
337863192
336183603
332971380
330901018
330068038
327922773
326946749
325468662
325247008
323076952
320759601
320050854
319017710
315231600
313658250
313216698
312816820
308837498
308051611
307902136
306113584
305583481
305464227
300737185
299189261
296046451
288426836
285738566
285723105
285004203
277785648
274619867
270994034
264890341
264505693
262776423
262689093
259720235
259036453
258598648
256321118
255294132
252890195
252574024
243603288
241515402
240840401
240131085
238946083
238570289
237522999
234786305
234774592
231334705
230327927
217911889
214684184
213559433
211636734
208862900
206863282
203733024
201358903
197851195
196949754
196338152
194166552
191637629
191029676
188357812
184992342
182159418
181537371
181500103
180373242
178599672
175306702
167742160
166906264
166786302
165970731
164418809
163689915
162811065
155799032
155557105
154782008
153242611
152461888
151597996
150363105
150279356
149847822
149143348
148708916
147757807
147275746
142648222
138956912
136282944
130883949
128341329
127662959
125705915
122951310
115919657
112222730
109712372
109635926
107113171
107079151
105348572
105162655
100064098
96782370
95343202
92296074
91259777
91101601
90167924
83135683
82730922
78954976
78898260
77790198
76388091
76135251
72971675
71824998
71328775
67835997
64697431
62159980
59990548
57441289
57230408
56786665
55410639
53544297
51309913
50575449
50253875
49141583
46227562
45711844
41464809
40073549
37051510
36326612
35924733
31355487
27604388
20576971
17261815
15846856
15701975
15417126
14706075
13535667
11931320
11337980
10180697
7600307
5192102
3893689
3209242
2812292
